index x y z
0 0.5412658773652741 0.1875 3.0
1 0.2165063509461097 0.375 3.0
2 -0.10825317547305469 0.5625 3.0
3 -0.4330127018922192 0.75 3.0
4 -0.4330127018922193 0.37500000000000006 3.0
5 -0.4330127018922194 1.1102230246251565e-16 3.0
6 -0.4330127018922195 -0.3749999999999998 3.0
7 -0.4330127018922197 -0.7499999999999998 3.0
8 -0.10825317547305513 -0.5624999999999998 3.0
9 0.21650635094610943 -0.3749999999999999 3.0
10 0.5412658773652741 -0.1875 3.0
11 0.8660254037844386 0.0 3.0
12 1.299038105676658 0.25 2.0
13 0.8660254037844387 0.5 2.0
14 0.4330127018922194 0.75 2.0
15 2.220446049250313e-16 1.0 2.0
16 -0.4330127018922192 1.25 2.0
17 -0.8660254037844384 1.5 2.0
18 -0.8660254037844385 1.0 2.0
19 -0.8660254037844386 0.5000000000000001 2.0
20 -0.8660254037844388 2.220446049250313e-16 2.0
21 -0.866025403784439 -0.4999999999999998 2.0
22 -0.8660254037844392 -0.9999999999999996 2.0
23 -0.8660254037844394 -1.4999999999999996 2.0
24 -0.43301270189221996 -1.2499999999999996 2.0
25 -5.551115123125783e-16 -0.9999999999999998 2.0
26 0.43301270189221885 -0.7499999999999999 2.0
27 0.8660254037844383 -0.4999999999999999 2.0
28 1.2990381056766576 -0.24999999999999978 2.0
29 1.7320508075688772 -2.220446049250313e-16 2.0
30 1.948557158514987 0.375 1.0
31 1.2990381056766582 0.75 1.0
32 0.6495190528383297 1.125 1.0
33 4.440892098500626e-16 1.5 1.0
34 -0.6495190528383286 1.875 1.0
35 -1.2990381056766567 2.25 1.0
36 -1.2990381056766576 1.5 1.0
37 -1.299038105676658 0.75 1.0
38 -1.2990381056766582 0.0 1.0
39 -1.2990381056766584 -0.75 1.0
40 -1.299038105676659 -1.5 1.0
41 -1.2990381056766591 -2.25 1.0
42 -0.64951905283833 -1.8749999999999996 1.0
43 -8.881784197001252e-16 -1.4999999999999996 1.0
44 0.6495190528383286 -1.1249999999999998 1.0
45 1.2990381056766573 -0.7499999999999998 1.0
46 1.9485571585149863 -0.3749999999999998 1.0
47 2.598076211353316 0.0 1.0
48 2.721794126179664 0.42857142857142855 0.0
49 1.979486637221574 0.8571428571428571 0.0
50 1.237179148263484 1.2857142857142858 0.0
51 0.4948716593053937 1.7142857142857142 0.0
52 -0.24743582965269661 2.142857142857143 0.0
53 -0.9897433186107865 2.5714285714285716 0.0
54 -1.7320508075688767 3.0 0.0
55 -1.7320508075688767 2.1428571428571432 0.0
56 -1.7320508075688772 1.285714285714286 0.0
57 -1.7320508075688774 0.42857142857142927 0.0
58 -1.7320508075688779 -0.42857142857142794 0.0
59 -1.732050807568878 -1.2857142857142856 0.0
60 -1.7320508075688785 -2.1428571428571415 0.0
61 -1.7320508075688787 -2.999999999999999 0.0
62 -0.9897433186107883 -2.5714285714285707 0.0
63 -0.24743582965269795 -2.1428571428571423 0.0
64 0.49487165930539256 -1.714285714285714 0.0
65 1.2371791482634829 -1.2857142857142854 0.0
66 1.9794866372215731 -0.8571428571428568 0.0
67 2.721794126179664 -0.4285714285714288 0.0
68 3.4641016151377544 0.0 0.0
